# camera parameters
KINECT_ID_0:
    color:
        fx: 1081.37
        fy: 1081.37
        cx: 959.5
        cy: 539.5
    depth:
        fx: 363.484
        fy: 363.484
        ix: 252.954
        iy: 209.023
        k1: 0.0993553
        k2: -0.271999
        k3: 0.0902364
        p1: 0
        p2: 0
KINECT_ID_1:
    color:
        fx: 1081.37
        fy: 1081.37
        cx: 959.5
        cy: 539.5
    depth:
        fx: 365.093
        fy: 365.093
        ix: 253.141
        iy: 207.799
        k1: 0.0908344
        k2: -0.271442
        k3: 0.0981953
        p1: 0
        p2: 0

